# Abstand Doppel
-1.124999999999999958e-02
-1.099999999999999936e-02
-1.074999999999999914e-02
-1.049999999999999892e-02
-1.024999999999999870e-02
-9.999999999999998473e-03
-9.749999999999998251e-03
-9.499999999999998029e-03
-9.249999999999997807e-03
-8.999999999999997585e-03
-8.749999999999997363e-03
-8.499999999999997141e-03
-8.249999999999996919e-03
-8.000000000000000167e-03
-7.749999999999999944e-03
-7.499999999999999722e-03
-7.249999999999999500e-03
-6.999999999999999278e-03
-6.749999999999999056e-03
-6.499999999999998834e-03
-6.249999999999998612e-03
-5.999999999999998390e-03
-5.749999999999998168e-03
-5.499999999999997946e-03
-5.249999999999997724e-03
-4.999999999999997502e-03
-4.749999999999997280e-03
-4.499999999999997058e-03
-4.250000000000000305e-03
-4.000000000000000083e-03
-3.749999999999999861e-03
-3.499999999999999639e-03
-3.249999999999999417e-03
-2.999999999999999195e-03
-2.749999999999998973e-03
-2.499999999999998751e-03
-2.249999999999998529e-03
-1.999999999999998307e-03
-1.749999999999998085e-03
-1.499999999999997863e-03
-1.249999999999997641e-03
-9.999999999999974187e-04
-7.499999999999971967e-04
-4.999999999999969746e-04
-2.499999999999967526e-04
#0.000000000000000000e+00
2.500000000000002220e-04
5.000000000000004441e-04
7.500000000000006661e-04
1.000000000000000888e-03
1.250000000000001110e-03
1.500000000000001332e-03
1.750000000000001554e-03
2.000000000000001776e-03
2.250000000000001998e-03
2.500000000000002220e-03
2.750000000000002442e-03
3.000000000000002665e-03
3.250000000000002887e-03
3.500000000000003109e-03
3.749999999999999861e-03
4.000000000000000083e-03
4.250000000000000305e-03
4.500000000000000527e-03
4.750000000000000749e-03
5.000000000000000971e-03
5.250000000000001193e-03
5.500000000000001416e-03
5.750000000000001638e-03
6.000000000000001860e-03
6.250000000000002082e-03
6.500000000000002304e-03
6.750000000000002526e-03
7.000000000000002748e-03
7.250000000000002970e-03
7.500000000000003192e-03
7.750000000000003414e-03
8.000000000000003636e-03
8.250000000000003858e-03
8.500000000000004080e-03
8.750000000000004302e-03
